 1850 -9.999 -9.999 -9.999 -9.999 -9.999 -9.999 -9.999 -9.999 -9.999 -9.999 -9.999 -9.999 -9.999
 1850      3      3      3      3      3      3      3      3      3      3      3      3
 1851 -9.999 -9.999 -9.999 -9.999 -9.999 -9.999 -9.999 -9.999 -9.999 -9.999 -9.999 -9.999 -9.999
 1851      3      3      3      3      3      3      3      3      3      3      3      3
 1852 -9.999 -9.999 -9.999 -9.999 -9.999 -9.999 -9.999 -9.999 -9.999 -9.999 -9.999 -9.999 -9.999
 1852      3      3      3      3      3      3      3      3      3      3      3      3
 1853 -9.999 -9.999 -9.999 -9.999 -9.999 -9.999 -9.999 -9.999 -9.999 -9.999 -9.999 -9.999 -9.999
 1853      3      3      3      3      3      3      3      3      3      3      3      3
 1854 -9.999 -9.999 -9.999 -9.999 -9.999 -9.999 -9.999 -9.999 -9.999 -9.999 -9.999 -9.999 -9.999
 1854      3      3      3      3      3      3      3      3      3      3      3      3
 1855 -9.999 -9.999 -9.999 -9.999 -9.999 -9.999 -9.999 -9.999 -9.999 -9.999 -9.999 -9.999 -9.999
 1855      3      3      3      3      3      3      3      3      3      3      3      3
 1856 -9.999 -9.999 -9.999 -9.999 -9.999 -9.999 -9.999 -9.999 -9.999 -9.999 -9.999 -9.999 -9.999
 1856      4      4      4      4      4      4      4      3      4      3      3      3
 1857 -1.210 -0.167 -0.706 -1.701 -1.096 -0.174 -0.128  0.000 -0.504 -0.737 -0.779  0.410 -0.566
 1857      4      4      4      4      4      4      4      4      4      4      4      4
 1858  0.127 -1.462 -0.778 -0.376 -0.521  0.063 -0.290 -0.182 -0.124 -0.202 -1.867 -0.549 -0.513
 1858      4      4      4      4      4      4      4      4      4      4      4      4
 1859 -0.276  0.036 -0.090 -0.196 -0.054 -0.078  0.152  0.042 -0.517 -0.184 -0.424 -1.216 -0.234
 1859      4      4      4      4      4      4      4      4      4      4      4      4
 1860  0.024 -1.268 -1.658 -0.485 -0.439 -0.084 -0.141  0.051 -0.318 -0.529 -1.496 -1.931 -0.690
 1860      4      4      4      4      4      4      4      4      4      4      4      4
 1861 -2.133  0.095  0.153 -0.699 -1.127  0.054 -0.064  0.253 -0.310 -0.326 -0.641 -0.361 -0.426
 1861      4      4      4      4      4      4      4      4      4      4      4      4
 1862 -1.254 -1.360 -0.377 -0.245 -0.179 -0.243 -0.472 -0.682 -0.310 -0.493 -0.960 -1.168 -0.645
 1862      4      4      4      4      4      4      4      4      4      4      4      4
 1863  1.106  0.318 -0.399 -0.393 -0.366 -0.427 -0.546 -0.332 -0.342 -0.679 -0.378 -0.576 -0.251
 1863      4      4      4      4      4      4      4      4      4      4      4      4
 1864 -1.609 -0.720 -0.370 -0.718 -0.763  0.237 -0.222 -0.489 -0.385 -1.379 -1.404 -1.423 -0.770
 1864      4      4      4      4      4      4      4      4      4      4      4      4
 1865 -0.147 -1.285 -1.462 -0.268 -0.286 -0.207  0.095 -0.385  0.183 -0.476  0.045 -0.480 -0.389
 1865      4      4      4      4      4      4      4      4      4      4      4      4
 1866  0.648 -0.574 -0.788 -0.221 -0.800 -0.006 -0.053 -0.497 -0.059 -0.912 -0.815 -0.529 -0.384
 1866      4      4      4      4      4      4      4      4      4      4      4      4
 1867 -0.563  0.396 -1.893 -0.634 -1.256 -0.334 -0.397 -0.311 -0.168 -0.150 -0.640 -1.155 -0.592
 1867      4      4      4      4      4      4      4      4      4      4      4      4
 1868 -1.295 -0.942 -0.332 -0.836  0.119  0.066  0.315  0.073 -0.420 -0.211 -1.159 -0.306 -0.411
 1868      4      4      4      5      5      4      5      5      5      4      5      5
 1869 -0.200  0.735 -1.132 -0.424 -0.451 -0.483 -0.409  0.148 -0.064 -0.974 -0.713 -0.552 -0.377
 1869      5      5      5      5      5      5      4      4      5      5      5      5
 1870 -0.010 -1.177 -1.082 -0.540 -0.147 -0.038  0.005 -0.747 -0.310 -0.572 -0.132 -1.780 -0.544
 1870      5      5      5      5      5      5      5      5      5      5      5      5
 1871 -1.208 -1.241 -0.210 -0.408 -0.699 -0.486  0.029  0.096 -0.602 -0.671 -1.242 -1.287 -0.661
 1871      5      5      5      5      5      5      5      5      5      5      5      5
 1872 -0.167 -0.632 -0.724 -0.152 -0.076 -0.078 -0.156 -0.420 -0.283 -0.147 -0.517 -0.849 -0.350
 1872      5      5      5      5      5      5      5      5      5      5      5      5
 1873 -0.157 -0.703 -0.578 -1.007 -0.589  0.253 -0.163  0.086 -0.328 -0.483 -0.979 -0.090 -0.395
 1873      6      6      6      6      6      6      6      6      6      6      6      6
 1874  0.102 -0.474 -1.080 -0.667 -0.927 -0.411 -0.232 -0.339 -0.032 -0.302 -0.787 -0.442 -0.466
 1874      6      6      6      6      6      6      6      6      6      6      6      6
 1875 -1.126 -1.459 -1.493 -0.999 -0.250 -0.222 -0.223 -0.245 -0.571 -0.804 -1.243 -1.061 -0.808
 1875      7      7      7      7      7      7      7      7      7      7      7      7
 1876 -0.307 -0.361 -0.470 -0.362 -0.729 -0.084  0.144 -0.158 -0.168 -0.573 -1.373 -1.606 -0.504
 1876      7      7      7      7      7      7      7      7      7      7      7      7
 1877 -0.250 -0.148 -0.556 -0.808 -0.959 -0.082  0.273  0.218 -0.362 -0.497  0.093  0.126 -0.246
 1877      7      7      7      7      7      7      7      7      7      7      7      7
 1878 -0.356  0.361  0.600  0.285 -0.504 -0.127 -0.068  0.067  0.300  0.120 -0.074 -1.059 -0.038
 1878      8      8      8      8      8      8      8      8      8      8      8      8
 1879 -0.499 -0.506 -0.502 -0.678 -0.617 -0.607 -0.361 -0.306 -0.337 -0.155 -0.914 -1.334 -0.568
 1879      8      8      8      8      8      8      8      8      8      8      8      8
 1880  0.026 -0.341 -0.499 -0.373 -0.213 -0.181 -0.284  0.086 -0.219 -1.050 -1.067 -0.666 -0.398
 1880      8      8      8      8      8      8      8      8      8      8      8      8
 1881 -1.244 -0.656 -0.775 -0.470 -0.068 -0.629 -0.257 -0.067 -0.020 -0.598 -0.674  0.160 -0.442
 1881      9      9      9      9      9      9      9      9      9      9      9      9
 1882  0.736  0.073  0.125 -0.711 -0.752 -0.686 -0.517 -0.003 -0.009 -0.315 -0.805 -1.063 -0.327
 1882      9      9      9      9      9      9      9      9      9      9      9      9
 1883 -1.059 -0.954 -1.122 -0.739 -0.602  0.010 -0.284 -0.382 -0.485 -0.523 -0.641 -0.402 -0.599
 1883      9      9      9      9     10      9      9     10     10      9      9      9
 1884 -0.553 -0.483 -0.803 -1.053 -1.122 -0.759 -0.716 -0.219 -0.506 -0.629 -1.091 -0.763 -0.725
 1884     10     10     10     10     10     10     10     10     10     10     10     10
 1885 -1.302 -0.886 -1.141 -0.953 -1.008 -0.744 -0.382 -0.567 -0.369 -0.587 -0.498 -0.044 -0.707
 1885     10     10     10     10     10     10     10     10     10     10     10     10
 1886 -0.802 -1.152 -1.004 -0.408 -0.485 -0.616 -0.266 -0.313 -0.157 -0.551 -0.517 -0.362 -0.553
 1886     10     11     11     11     11     11     10     10     10     10     10     10
 1887 -0.793 -0.921 -0.646 -0.792 -0.467 -0.463 -0.316 -0.455 -0.308 -0.852 -0.694 -0.641 -0.612
 1887     11     11     11     11     11     11     11     11     11     11     11     11
 1888 -1.136 -1.044 -1.415 -0.349 -0.774 -0.488 -0.398 -0.404 -0.238 -0.346 -0.395 -0.299 -0.607
 1888     11     11     11     11     11     11     11     11     11     11     11     11
 1889 -0.501 -0.451 -0.277  0.000  0.156 -0.059 -0.260 -0.362 -0.526 -0.332 -0.726 -0.000 -0.278
 1889     11     11     11     11     12     11     11     11     12     12     12     12
 1890 -0.253 -0.457 -0.554 -0.298 -0.587 -0.266 -0.392 -0.387 -0.227 -0.535 -0.791 -0.711 -0.455
 1890     12     12     12     12     12     12     12     12     12     12     12     12
 1891 -0.966 -0.925 -0.661 -0.752 -0.460 -0.414 -0.395 -0.468 -0.208 -0.484 -0.918  0.138 -0.543
 1891     13     13     13     13     13     13     13     12     12     13     12     12
 1892 -0.666 -0.064 -0.893 -0.849 -0.772 -0.407 -0.418 -0.309 -0.252 -0.424 -0.824 -1.384 -0.605
 1892     13     13     13     13     13     13     13     13     13     13     13     13
 1893 -2.146 -1.566 -0.605 -0.674 -0.733 -0.428 -0.124 -0.354 -0.381 -0.260 -0.538 -0.342 -0.679
 1893     13     13     13     13     13     13     13     13     13     13     13     13
 1894 -0.634 -0.430 -0.226 -0.454 -0.569 -0.601 -0.425 -0.347 -0.682 -0.382 -0.426 -0.461 -0.470
 1894     13     13     13     13     13     13     13     13     13     13     13     13
 1895 -1.176 -1.528 -0.766 -0.432 -0.471 -0.368 -0.609 -0.320 -0.176 -0.333 -0.430 -0.262 -0.572
 1895     13     13     13     13     13     13     13     13     13     13     13     13
 1896 -0.295 -0.362 -0.867 -0.790 -0.359 -0.243 -0.218 -0.284 -0.221  0.046 -0.946 -0.140 -0.390
 1896     13     13     13     13     13     13     13     13     13     14     13     14
 1897 -0.628 -0.435 -0.844 -0.093 -0.060 -0.131 -0.079 -0.188 -0.012 -0.263 -0.481 -0.578 -0.316
 1897     14     14     14     14     14     14     14     14     14     14     14     14
 1898  0.273 -0.470 -1.347 -0.746 -0.630 -0.216 -0.322 -0.137 -0.119 -0.566 -0.393 -0.111 -0.399
 1898     14     14     14     14     14     14     14     14     14     14     15     14
 1899 -0.131 -0.740 -0.840 -0.293 -0.526 -0.606 -0.208 -0.215  0.030 -0.205  0.268 -0.633 -0.341
 1899     15     15     15     15     15     15     15     15     15     15     15     15
 1900 -0.521 -0.444 -0.480 -0.440 -0.258  0.003 -0.237 -0.113 -0.252  0.316 -0.199  0.159 -0.205
 1900     15     15     15     15     15     15     15     15     15     15     15     15
 1901 -0.226 -0.551 -0.121 -0.039 -0.167  0.119  0.008 -0.043 -0.096 -0.191 -0.353 -0.416 -0.173
 1901     15     15     15     15     15     15     15     15     15     15     15     16
 1902  0.052 -0.063 -0.333 -0.477 -0.422 -0.275 -0.425 -0.469 -0.387 -0.557 -0.652 -0.857 -0.406
 1902     16     16     16     16     16     16     16     16     16     16     16     16
 1903 -0.183  0.082 -0.197 -0.565 -0.575 -0.535 -0.494 -0.414 -0.333 -0.557 -0.672 -0.813 -0.438
 1903     16     16     16     16     16     16     16     16     16     16     16     16
 1904 -0.822 -0.701 -0.959 -0.568 -0.499 -0.472 -0.479 -0.392 -0.487 -0.396 -0.310 -0.459 -0.545
 1904     16     16     16     16     16     16     16     16     16     16     16     16
 1905 -0.520 -1.355 -0.562 -0.706 -0.385 -0.113 -0.281 -0.251 -0.181 -0.470 -0.011 -0.053 -0.407
 1905     17     17     17     17     17     17     17     17     17     17     17     17
 1906  0.078 -0.416 -0.544  0.099  0.000 -0.106 -0.168 -0.150 -0.290 -0.168 -0.567 -0.157 -0.199
 1906     17     17     17     17     17     17     17     17     17     17     17     17
 1907 -0.613 -0.798 -0.580 -0.886 -0.936 -0.676 -0.443 -0.539 -0.366 -0.122 -0.767 -0.553 -0.606
 1907     18     18     18     18     18     18     18     18     18     18     18     18
 1908 -0.168 -0.362 -0.855 -0.579 -0.445 -0.327 -0.322 -0.480 -0.243 -0.522 -0.740 -0.397 -0.453
 1908     17     18     18     18     18     18     18     18     18     18     18     18
 1909 -0.645 -0.594 -0.817 -0.749 -0.730 -0.392 -0.368  0.024 -0.059 -0.081 -0.001 -0.631 -0.420
 1909     18     18     18     18     18     18     18     18     18     18     18     18
 1910 -0.080 -0.392 -0.388 -0.283 -0.333 -0.295 -0.187 -0.166 -0.191 -0.400 -0.785 -0.701 -0.350
 1910     19     19     19     19     19     19     19     19     19     19     19     19
 1911 -0.612 -0.923 -0.843 -0.722 -0.399 -0.404 -0.233 -0.217 -0.257 -0.363 -0.151 -0.073 -0.433
 1911     19     19     19     19     19     19     19     19     19     19     19     19
 1912 -0.462 -0.048 -0.577 -0.443 -0.272 -0.070 -0.555 -0.651 -0.632 -0.786 -0.602 -0.296 -0.449
 1912     19     20     20     20     20     20     20     20     20     20     20     20
 1913 -0.242 -0.682 -0.679 -0.250 -0.824 -0.641 -0.292 -0.130 -0.258 -0.312  0.171  0.263 -0.323
 1913     20     20     20     20     20     20     20     20     20     20     20     20
 1914  0.524  0.200 -0.090 -0.324 -0.102 -0.064 -0.100 -0.104 -0.162  0.002 -0.363 -0.332 -0.076
 1914     20     20     20     20     20     20     20     20     20     20     20     20
 1915 -0.043  0.310 -0.595  0.100 -0.255 -0.159  0.053 -0.097  0.018 -0.186 -0.002 -0.078 -0.078
 1915     19     19     19     19     19     19     19     19     20     20     20     20
 1916  0.042 -0.087 -0.704 -0.340 -0.355 -0.521 -0.211 -0.186 -0.293 -0.324 -0.463 -0.916 -0.363
 1916     20     20     20     20     20     20     20     20     20     20     20     20
 1917 -0.615 -1.293 -1.221 -0.709 -1.149 -0.421 -0.069 -0.267 -0.103 -0.550 -0.329 -1.253 -0.665
 1917     20     20     20     20     20     20     20     20     20     20     20     20
 1918 -0.779 -0.571 -0.589 -0.627 -0.755 -0.426 -0.404 -0.331 -0.231  0.170 -0.283 -0.342 -0.431
 1918     20     20     20     20     20     20     20     20     20     20     20     20
 1919 -0.105 -0.281 -0.547 -0.080 -0.392 -0.114 -0.162 -0.154 -0.070 -0.252 -0.813 -0.550 -0.293
 1919     20     20     20     20     20     20     20     19     19     19     19     19
 1920 -0.095 -0.486 -0.096 -0.284 -0.204 -0.220 -0.062 -0.161 -0.054 -0.355 -0.551 -0.586 -0.263
 1920     19     20     20     20     20     20     20     20     20     20     19     20
 1921  0.300 -0.145 -0.052 -0.031  0.067  0.049 -0.010 -0.341 -0.183 -0.198 -0.599 -0.136 -0.107
 1921     20     20     20     20     20     20     20     20     20     20     20     20
 1922 -0.581 -0.508 -0.354 -0.093 -0.137 -0.143 -0.211 -0.215 -0.167 -0.273 -0.158 -0.217 -0.255
 1922     20     21     20     20     20     21     21     21     21     21     21     21
 1923 -0.007 -0.634 -0.374 -0.732 -0.380 -0.287 -0.439 -0.428 -0.176 -0.036  0.174  0.162 -0.263
 1923     21     21     21     21     21     21     21     21     22     22     22     21
 1924 -0.470 -0.512 -0.479 -0.620 -0.335 -0.165 -0.179 -0.213 -0.042 -0.148 -0.148 -0.551 -0.322
 1924     22     22     22     22     22     22     22     22     22     22     22     22
 1925 -0.372 -0.110 -0.286 -0.133 -0.339 -0.331 -0.360 -0.080 -0.213 -0.508 -0.065  0.186 -0.217
 1925     22     22     22     22     22     22     22     22     22     22     22     22
 1926  0.427  0.476  0.013 -0.363 -0.454 -0.163 -0.245 -0.046  0.001 -0.094  0.085 -0.465 -0.069
 1926     22     22     22     22     22     22     22     23     22     22     22     22
 1927 -0.293 -0.173 -0.426 -0.415 -0.453 -0.208 -0.004 -0.146  0.038  0.249 -0.038 -0.809 -0.223
 1927     23     23     23     23     23     23     23     23     22     22     23     23
 1928  0.069 -0.090 -0.519 -0.270 -0.291 -0.497 -0.094 -0.127  0.004 -0.024  0.080 -0.057 -0.151
 1928     23     23     23     23     23     23     23     23     23     23     23     23
 1929 -0.732 -1.371 -0.521 -0.694 -0.421 -0.428 -0.406 -0.156 -0.251  0.016  0.005 -0.834 -0.483
 1929     23     23     23     23     23     23     23     23     23     23     23     23
 1930 -0.414 -0.172 -0.071 -0.180 -0.306 -0.081  0.007  0.056 -0.141 -0.179  0.121 -0.123 -0.124
 1930     23     23     23     23     23     23     23     23     23     23     23     23
 1931  0.005 -0.488 -0.281 -0.384 -0.304  0.021  0.110  0.104 -0.026  0.167 -0.129  0.085 -0.093
 1931     24     24     24     24     24     24     24     24     24     25     24     24
 1932  0.835 -0.479 -0.678  0.015 -0.224 -0.180 -0.075 -0.049  0.097  0.087 -0.295 -0.163 -0.092
 1932     25     24     24     24     24     25     24     25     25     25     24     25
 1933 -0.534 -0.632 -0.561 -0.316 -0.217 -0.234 -0.016 -0.036 -0.083 -0.079 -0.373 -0.869 -0.329
 1933     25     25     25     25     25     25     25     25     25     25     25     25
 1934 -0.109  0.114 -0.464 -0.402  0.208 -0.007  0.001 -0.005 -0.153  0.006  0.188  0.096 -0.044
 1934     25     26     25     25     25     25     25     25     25     25     25     25
 1935 -0.473  0.691 -0.065 -0.593 -0.478 -0.196 -0.055 -0.048 -0.156  0.163 -0.581 -0.397 -0.182
 1935     26     26     26     26     26     26     26     26     26     26     25     25
 1936 -0.403 -0.911 -0.464 -0.328 -0.169 -0.034  0.268  0.092 -0.027  0.057  0.076  0.210 -0.136
 1936     26     26     26     26     26     26     26     26     26     26     26     26
 1937 -0.252  0.102 -0.741 -0.356 -0.049  0.083 -0.019  0.217  0.240  0.305  0.104 -0.352 -0.060
 1937     26     27     27     27     27     27     27     27     26     27     27     26
 1938  0.109  0.109  0.289  0.337  0.060 -0.071  0.079  0.122  0.246  0.433  0.318 -0.405  0.136
 1938     27     27     27     27     27     27     27     27     27     27     27     27
 1939  0.048  0.026 -0.546 -0.246  0.038  0.100  0.002  0.101 -0.150 -0.268 -0.042  0.697 -0.020
 1939     27     27     27     27     27     27     27     27     27     27     27     27
 1940 -0.805 -0.155 -0.222 -0.022 -0.176  0.155  0.140  0.006  0.148 -0.021 -0.064  0.286 -0.061
 1940     27     27     27     28     27     28     28     28     27     28     27     27
 1941 -0.191  0.104 -0.359 -0.049 -0.005  0.129  0.178  0.054 -0.202  0.193 -0.200 -0.170 -0.043
 1941     29     29     29     29     29     29     29     29     29     29     29     29
 1942  0.054 -0.453 -0.295 -0.120 -0.106  0.098 -0.114 -0.031  0.096  0.073  0.079 -0.005 -0.060
 1942     29     29     29     29     29     29     29     29     29     29     29     29
 1943 -0.434  0.251 -0.278  0.117  0.050 -0.256 -0.005 -0.159  0.023  0.386 -0.038  0.280 -0.005
 1943     29     29     29     29     29     29     29     29     29     29     29     29
 1944  0.653  0.251  0.014 -0.187 -0.064 -0.029  0.074  0.146  0.376  0.302 -0.075 -0.447  0.085
 1944     29     29     29     29     29     29     29     29     29     29     29     29
 1945 -0.323 -0.509 -0.261  0.198 -0.278 -0.123 -0.211  0.406  0.151  0.082 -0.146 -0.698 -0.143
 1945     29     29     29     29     29     29     29     29     29     29     29     29
 1946  0.083  0.093 -0.377  0.169 -0.116 -0.247 -0.015 -0.061  0.034 -0.189 -0.028 -0.637 -0.108
 1946     30     30     30     30     30     30     30     30     30     30     30     30
 1947 -0.319 -0.354 -0.015  0.125 -0.034  0.032 -0.065  0.058  0.059  0.367  0.079 -0.300 -0.031
 1947     30     31     31     31     31     30     31     30     30     31     31     30
 1948  0.378 -0.113 -0.424 -0.041  0.128  0.113 -0.090 -0.048  0.004  0.094 -0.020 -0.219 -0.020
 1948     31     31     31     31     31     31     31     31     31     31     31     31
 1949  0.338 -0.359 -0.407 -0.141 -0.125 -0.231 -0.183 -0.068 -0.094  0.117 -0.044 -0.354 -0.129
 1949     32     32     31     31     31     32     32     31     32     32     32     32
 1950 -0.595 -0.403 -0.262 -0.328 -0.167 -0.092 -0.236 -0.307 -0.150 -0.222 -0.703 -0.354 -0.318
 1950     32     32     32     33     32     32     33     33     33     33     33     33
 1951 -0.588 -0.852 -0.464 -0.112 -0.025 -0.118 -0.074  0.108  0.196  0.149 -0.048  0.393 -0.120
 1951     36     36     36     36     36     36     36     36     36     36     36     36
 1952  0.257  0.028 -0.432 -0.043 -0.057 -0.014  0.135  0.079  0.121 -0.143 -0.544 -0.228 -0.070
 1952     36     36     37     37     37     37     37     37     36     37     37     37
 1953  0.125  0.160  0.180  0.192  0.056  0.186 -0.008  0.158  0.100  0.190 -0.134  0.232  0.120
 1953     37     36     37     37     37     37     37     37     37     37     37     37
 1954 -0.506 -0.219 -0.354 -0.199 -0.290 -0.094 -0.185 -0.061 -0.009  0.072  0.237 -0.241 -0.154
 1954     37     37     37     37     37     38     38     37     37     37     37     37
 1955  0.368 -0.156 -0.801 -0.376 -0.203 -0.105 -0.200  0.034 -0.028 -0.033 -0.413 -0.487 -0.200
 1955     38     38     38     38     38     38     38     38     38     38     38     38
 1956 -0.361 -0.712 -0.582 -0.526 -0.432 -0.280 -0.278 -0.405 -0.416 -0.332 -0.509 -0.397 -0.436
 1956     39     38     39     39     39     39     39     39     39     39     38     38
 1957 -0.271 -0.262 -0.473 -0.162 -0.132  0.060 -0.172  0.030  0.058 -0.089  0.133  0.302 -0.081
 1957     39     39     39     39     39     39     39     39     39     39     39     39
 1958  0.458  0.220 -0.073  0.007  0.028 -0.077  0.014 -0.051 -0.115 -0.004  0.058 -0.002  0.038
 1958     39     39     39     39     39     39     39     39     39     39     39     39
 1959  0.104  0.072  0.187  0.055 -0.126  0.117  0.040  0.009  0.049 -0.149 -0.166 -0.020  0.014
 1959     39     39     39     39     39     39     39     39     39     39     39     39
 1960  0.029  0.360 -0.692 -0.320 -0.317  0.056 -0.093 -0.009  0.053  0.008 -0.222  0.316 -0.069
 1960     39     39     39     39     40     40     39     39     40     39     39     39
 1961  0.080  0.247  0.087  0.112  0.101  0.087 -0.018 -0.023  0.051 -0.058  0.002 -0.190  0.040
 1961     40     40     40     41     40     41     40     40     40     41     41     41
 1962  0.176  0.254 -0.023  0.037 -0.097 -0.148 -0.043 -0.066 -0.022  0.119  0.076  0.054  0.026
 1962     41     41     41     41     41     41     41     41     41     41     41     41
 1963 -0.078  0.381 -0.316 -0.223 -0.177 -0.131  0.048  0.035  0.145  0.399  0.273 -0.114  0.020
 1963     41     41     41     41     41     41     41     41     41     41     41     41
 1964 -0.039 -0.257 -0.491 -0.334 -0.180 -0.248 -0.200 -0.269 -0.279 -0.388 -0.301 -0.431 -0.285
 1964     41     41     41     41     41     41     41     41     41     41     41     41
 1965 -0.070 -0.447 -0.285 -0.463 -0.246 -0.137 -0.304 -0.228 -0.193 -0.051 -0.221 -0.145 -0.232
 1965     41     41     41     41     41     41     41     41     41     41     41     41
 1966 -0.210 -0.129 -0.135 -0.266 -0.194  0.066 -0.005  0.018 -0.019 -0.178 -0.148 -0.353 -0.129
 1966     41     41     41     41     41     41     41     41     41     41     41     41
 1967 -0.302 -0.446 -0.095 -0.071  0.135 -0.214 -0.113 -0.075 -0.123  0.349  0.021 -0.127 -0.088
 1967     41     41     41     41     41     41     41     41     41     41     41     41
 1968 -0.356 -0.272  0.338 -0.205 -0.310 -0.288 -0.213 -0.188 -0.195 -0.115 -0.253 -0.414 -0.206
 1968     41     41     41     41     41     41     41     41     41     41     41     41
 1969 -0.616 -0.726 -0.285 -0.003 -0.003 -0.082  0.032 -0.026 -0.068 -0.037  0.182  0.272 -0.113
 1969     42     42     41     42     42     42     41     41     41     42     41     41
 1970 -0.034  0.319 -0.248  0.016 -0.099  0.091 -0.013 -0.064  0.009 -0.173 -0.089 -0.317 -0.050
 1970     41     41     41     42     41     42     41     41     41     41     41     41
 1971 -0.087 -0.426 -0.473 -0.363 -0.296 -0.299 -0.172 -0.116 -0.010 -0.093 -0.033 -0.080 -0.204
 1971     41     41     41     41     41     41     41     41     41     41     41     41
 1972 -0.778 -0.648 -0.271 -0.177 -0.208 -0.051 -0.073 -0.074 -0.222 -0.091 -0.252  0.090 -0.230
 1972     41     41     41     41     41     41     41     41     41     41     41     41
 1973  0.164  0.543  0.388  0.275  0.164  0.263  0.100  0.040 -0.041 -0.009 -0.137 -0.085  0.139
 1973     41     41     41     41     41     41     41     41     41     41     41     41
 1974 -0.451 -0.617 -0.190 -0.152 -0.240 -0.188 -0.085 -0.120 -0.240 -0.361 -0.342 -0.358 -0.279
 1974     41     41     41     41     41     41     41     41     41     41     41     41
 1975  0.140 -0.005  0.023  0.041 -0.002 -0.014 -0.039 -0.139  0.050 -0.200 -0.310 -0.311 -0.064
 1975     41     41     41     41     41     41     41     40     41     40     40     40
 1976 -0.083 -0.359 -0.740 -0.171 -0.312 -0.305 -0.301 -0.301 -0.218 -0.688 -0.446 -0.305 -0.352
 1976     40     41     41     41     41     40     40     40     40     40     40     41
 1977 -0.416  0.097  0.252  0.261  0.120  0.216  0.086 -0.003  0.021 -0.052  0.403  0.047  0.086
 1977     40     40     40     40     41     40     40     40     40     41     40     40
 1978  0.043 -0.049  0.134  0.002 -0.050 -0.167 -0.078 -0.250 -0.075 -0.066  0.138 -0.136 -0.046
 1978     40     40     41     40     41     40     41     40     41     40     41     41
 1979 -0.106 -0.305  0.009 -0.246 -0.078  0.109  0.025  0.052  0.079  0.220  0.118  0.621  0.041
 1979     41     41     41     40     40     40     40     40     40     40     40     40
 1980  0.097  0.239 -0.111  0.160  0.273  0.138  0.068  0.085  0.097  0.133  0.247  0.109  0.128
 1980     40     40     40     40     40     41     40     41     40     40     41     40
 1981  0.738  0.601  0.514  0.412  0.111  0.147  0.095  0.243  0.107  0.053  0.154  0.480  0.305
 1981     40     40     40     40     40     40     40     40     40     40     40     40
 1982 -0.209  0.107 -0.234  0.036 -0.004 -0.119  0.025  0.008  0.086 -0.127 -0.140  0.408 -0.014
 1982     39     39     39     39     39     39     39     40     40     40     40     40
 1983  0.710  0.476  0.353  0.141  0.150  0.116  0.261  0.328  0.394  0.203  0.561  0.127  0.318
 1983     39     40     40     40     39     40     40     40     40     40     40     40
 1984  0.135 -0.108  0.037 -0.116  0.222  0.037 -0.011  0.038 -0.135  0.083 -0.168 -0.517 -0.042
 1984     39     39     39     39     40     40     40     40     39     39     40     39
 1985 -0.001 -0.279 -0.098 -0.016  0.060 -0.047 -0.142  0.116 -0.033  0.025 -0.042  0.053 -0.034
 1985     40     40     40     40     40     40     40     40     40     40     40     39
 1986  0.428  0.200  0.191  0.254  0.183  0.134 -0.048  0.016 -0.079 -0.007 -0.048  0.030  0.104
 1986     39     40     40     40     40     39     40     39     39     40     40     40
 1987  0.179  0.681 -0.111  0.185  0.181  0.214  0.373  0.205  0.319  0.259  0.135  0.531  0.263
 1987     39     39     40     40     39     39     39     39     40     39     39     39
 1988  0.657  0.285  0.380  0.310  0.370  0.435  0.354  0.314  0.378  0.337  0.088  0.466  0.365
 1988     39     39     39     39     39     39     39     39     39     39     39     39
 1989  0.123  0.424  0.380  0.223  0.183  0.159  0.201  0.230  0.224  0.301  0.068  0.316  0.236
 1989     39     39     39     39     39     39     39     39     39     39     39     39
 1990  0.377  0.527  1.181  0.590  0.405  0.441  0.289  0.367  0.218  0.485  0.594  0.398  0.489
 1990     39     39     39     39     39     39     39     39     39     39     39     38
 1991  0.521  0.524  0.266  0.553  0.304  0.558  0.398  0.334  0.358  0.339  0.247  0.098  0.375
 1991     38     38     38     38     38     38     37     37     38     38     37     37
 1992  0.686  0.529  0.415  0.070  0.113  0.045 -0.249 -0.100 -0.231 -0.192 -0.225  0.182  0.087
 1992     38     37     37     37     38     38     37     38     38     37     37     37
 1993  0.436  0.442  0.329  0.173  0.219  0.218  0.138  0.100 -0.088  0.130 -0.310  0.270  0.171
 1993     37     37     37     38     37     37     38     38     38     37     37     37
 1994  0.349 -0.156  0.304  0.417  0.354  0.399  0.237  0.263  0.316  0.459  0.530  0.406  0.323
 1994     38     37     38     38     37     37     38     37     38     38     38     38
 1995  0.820  1.200  0.475  0.488  0.354  0.528  0.404  0.599  0.485  0.681  0.550  0.196  0.565
 1995     38     38     38     38     38     38     38     38     38     38     38     38
 1996  0.211  0.447  0.139 -0.013  0.316  0.254  0.268  0.246  0.115  0.160  0.216  0.380  0.228
 1996     38     37     37     37     37     37     37     37     37     37     37     37
 1997  0.406  0.576  0.524  0.334  0.319  0.522  0.389  0.488  0.539  0.620  0.538  0.584  0.487
 1997     37     37     37     37     37     37     37     37     37     37     37     37
 1998  0.726  1.343  0.763  1.026  0.826  0.894  0.987  0.905  0.744  0.715  0.331  0.836  0.841
 1998     37     38     38     37     37     38     38     38     38     38     38     37
 1999  0.755  1.159  0.230  0.502  0.385  0.459  0.476  0.437  0.582  0.537  0.397  0.727  0.554
 1999     38     37     37     37     37     38     38     37     37     37     37     37
 2000  0.301  0.906  0.722  0.911  0.502  0.433  0.408  0.501  0.380  0.271  0.063  0.223  0.468
 2000     37     37     37     37     37     37     37     37     37     37     37     37
 2001  0.644  0.507  0.765  0.670  0.707  0.540  0.627  0.774  0.576  0.627  1.003  0.556  0.666
 2001     36     36     36     36     35     36     36     36     36     36     36     36
 2002  1.147  1.341  1.167  0.686  0.585  0.646  0.802  0.622  0.675  0.478  0.724  0.322  0.766
 2002     36     36     36     36     36     36     36     36     37     36     37     36
 2003  0.999  0.635  0.561  0.627  0.808  0.685  0.636  0.791  0.747  0.917  0.676  1.032  0.760
 2003     37     36     36     36     36     37     36     36     36     37     36     36
 2004  0.752  1.061  0.922  0.686  0.323  0.482  0.384  0.449  0.544  0.733  1.045  0.465  0.654
 2004     37     36     37     36     36     36     36     36     36     36     36     36
 2005  0.925  0.563  0.882  0.995  0.724  0.862  0.800  0.693  0.959  1.079  1.160  0.750  0.866
 2005     36     36     36     36     36     36     36     36     36     36     36     36
 2006  0.592  0.962  0.762  0.583  0.501  0.845  0.767  0.755  0.767  1.008  0.895  1.250  0.807
 2006     35     36     36     36     36     36     36     36     36     36     36     35
 2007  1.631  0.968  0.966  1.093  0.810  0.612  0.628  0.796  0.821  0.942  0.765  0.800  0.903
 2007     36     36     36     36     36     36     36     36     36     36     36     36
 2008  0.337  0.437  1.206  0.556  0.488  0.597  0.698  0.562  0.603  0.984  1.013  0.684  0.680
 2008     36     36     36     36     36     36     36     36     36     36     36     36
 2009  0.788  0.832  0.638  0.840  0.580  0.650  0.586  0.833  1.002  0.741  0.828  0.537  0.738
 2009     36     36     36     35     36     36     36     36     35     36     35     36
 2010  0.803  0.930  1.128  1.105  0.961  0.996  0.981  0.889  0.801  0.915  1.211  0.466  0.932
 2010     36     35     36     36     36     36     36     36     36     36     36     36
 2011  0.456  0.416  0.586  0.891  0.570  0.814  0.797  0.774  0.848  0.964  0.669  0.877  0.722
 2011     35     35     35     35     35     35     35     35     35     35     35     34
 2012  0.552  0.388  0.611  1.065  0.979  0.961  0.817  0.859  0.918  0.907  0.928  0.315  0.775
 2012     35     35     35     35     35     36     35     35     36     35     35     35
 2013  0.927  0.973  0.712  0.653  0.823  0.908  0.711  0.747  0.799  0.900  1.106  0.874  0.844
 2013     35     34     35     35     35     35     35     34     35     35     35     35
 2014  0.950  0.497  1.003  1.048  0.934  0.891  0.732  0.837  0.837  0.985  0.717  1.104  0.878
 2014     34     35     34     35     35     34     34     35     34     34     35     34
 2015  1.219  1.214  1.264  0.916  1.038  1.101  0.841  1.011  1.069  1.234  1.324  1.788  1.168
 2015     34     34     34     34     34     35     34     34     34     35     34     34
 2016  1.434  2.127  1.969  1.620  1.125  1.121  1.067  1.229  1.200  0.849  0.807  1.101  1.304
 2016     34     34     34     34     34     34     34     34     34     34     34     34
 2017  1.354  1.598  1.495  1.107  0.956  0.993  1.088  1.096  1.062  1.036  0.934  1.239  1.163
 2017     33     34     34     33     33     33     33     33     33     33     33     33
 2018  0.995  0.986  1.118  1.108  0.973  0.887  1.047  0.842  0.935  1.017  0.733  1.045  0.974
 2018     33     33     33     32     31     33     32     32     32     32     32     32
 2019  1.247  1.117  1.518  1.290  0.896  1.181  0.983  0.953  1.084  1.178  1.012  1.567  1.169
 2019     31     31     31     30     30     31     32     32     32     31     31     31
 2020  1.860  1.953  1.779  1.226  1.088  1.130  0.927  1.039  1.208  1.081  1.529  0.935  1.313
 2020     31     31     30     30     31     31     31     31     31     31     31     30
 2021  0.990 -9.999 -9.999 -9.999 -9.999 -9.999 -9.999 -9.999 -9.999 -9.999 -9.999 -9.999  0.990
 2021     30      0      0      0      0      0      0      0      0      0      0      0